Bancroft: 
    bancroft2: [(348,160),(419,137),(392,244),(478,244),(404,187),(544,231),(399,113),(361,254)]
    bancroft5: [(20,126),(146,127),(96,259),(209,248),(120,181),(268,233),(122,91),(29,284)]

Home:
    home1:
    home2:

MC:
    mc2:
    mc4:

Wheeler:
    wheeler_2
    wheeler_6

Wheeler Wide
    wheeler_wide_3
    wheeler_wide_6



original H:  [[ 6.24849653e-01  6.07935333e-03  2.09546513e+02]
                [-1.23715689e-01  8.50045580e-01  4.10071445e+01]
                [-5.07667283e-04 -5.01770591e-05  1.00000000e+00]]

shifted H:  [[ 6.24849653e-01  6.07935333e-03  2.09546513e+02]
                [-1.59760066e-01  8.46483008e-01  1.12007144e+02]
                [-5.07667283e-04 -5.01770591e-05  1.00000000e+00]]

1038 533 0 -71

dest: (394, 700, 3)
slot: (394, 700, 3)
result:  (533, 1038, 3)

ransac original h:  [[ 1.45800107e+00  5.61563131e-01 -6.84769747e+01]
 [ 1.69359466e-01  2.34696913e+00  9.71896222e+01]
 [ 3.83844898e-04  2.50735456e-03  1.00000000e+00]]



 evan1 coords
[[ 34 369]
 [327 346]
 [309 326]
 [222 372]
 [349 345]
 [ 98 335]
 [170 367]
 [153 323]
 [ 83 334]
 [170 330]
 [270 326]
 [252 303]
 [353 364]
 [363 372]
 [317 313]
 [210 332]
 [ 92 351]
 [ 57 371]
 [ 85 372]
 [ 93 366]
 [162 358]
 [348 317]
 [255 343]
 [332 316]
 [270 313]
 [258 315]
 [119 346]
 [ 95 293]
 [358 276]
 [262 229]
 [122 304]
 [114 313]
 [128 267]
 [ 62 256]
 [244 268]]
evan2 coords
[[ 23 218]
 [323 162]
 [306 133]
 [215 201]
 [348 166]
 [ 81 163]
 [161 192]
 [139 131]
 [ 66 159]
 [156 151]
 [264 139]
 [247 114]
 [349 184]
 [359 194]
 [317 116]
 [201 151]
 [ 74 170]
 [ 45 209]
 [ 73 200]
 [ 80 192]
 [150 181]
 [347 134]
 [248 161]
 [332 128]
 [264 126]
 [250 129]
 [102 169]
 [ 49 107]
 [363  77]
 [257  23]
 [108 117]
 [ 68 130]
 [ 77  74]
 [ 30  59]
 [232  71]]